1,0,0,1,0.5
83,0,1.5,1,2
130,0,2,1,2.5
131,0,3.5,1,4
176,0,4,1,4.5
177,0,5.5,1,6
226,0,6,1,6.5
227,0,7.5,1,8
274,0,8,1,8.5
275,0,9.5,1,10
323,0,10,1,10.5
324,0,11.5,1,12
369,0,12,1,12.5
370,0,13.5,1,14
418,0,14,1,14.5
419,0,15.5,1,16
466,0,16,1,16.5
467,0,17.5,1,18
515,0,18,1,18.5
516,0,19.5,1,20
561,0,20,1,20.5
562,0,21.5,1,22
611,0,22,1,22.5
612,0,23.5,1,24
659,0,24,1,24.5
660,0,25.5,1,26
709,0,26,1,26.5
710,0,27.5,1,28
755,0,28,1,28.5
756,0,29.5,1,30
805,0,30,1,30.5
806,0,31.5,1,32
853,0,32,1,32.5
854,0,33.5,1,34
903,0,34,1,34.5
904,0,35.5,1,36
949,0,36,1,36.5
950,0,37.5,1,38
999,0,38,1,38.5
1000,0,39.5,1,40
1047,0,40,1,40.5
1072,0,41.5,1,42
1073,0,42,1,42.5
1120,0,43.5,1,44
1121,0,44,1,44.5
1168,0,45.5,1,46
1169,0,46,1,46.5
8888,0,47.5,11.5,51
8888,0,51,5,56
7777,9.5,55.5,15.5,56
2,1,0,2,0.5
84,1,1.5,2,2
129,1,2,2,2.5
132,1,3.5,2,4
175,1,4,2,4.5
178,1,5.5,2,6
225,1,6,2,6.5
228,1,7.5,2,8
273,1,8,2,8.5
276,1,9.5,2,10
322,1,10,2,10.5
325,1,11.5,2,12
368,1,12,2,12.5
371,1,13.5,2,14
417,1,14,2,14.5
420,1,15.5,2,16
465,1,16,2,16.5
468,1,17.5,2,18
514,1,18,2,18.5
517,1,19.5,2,20
560,1,20,2,20.5
563,1,21.5,2,22
610,1,22,2,22.5
613,1,23.5,2,24
658,1,24,2,24.5
661,1,25.5,2,26
708,1,26,2,26.5
711,1,27.5,2,28
754,1,28,2,28.5
757,1,29.5,2,30
804,1,30,2,30.5
807,1,31.5,2,32
852,1,32,2,32.5
855,1,33.5,2,34
902,1,34,2,34.5
905,1,35.5,2,36
948,1,36,2,36.5
951,1,37.5,2,38
998,1,38,2,38.5
1001,1,39.5,2,40
1046,1,40,2,40.5
1071,1,41.5,2,42
1074,1,42,2,42.5
1119,1,43.5,2,44
1122,1,44,2,44.5
1167,1,45.5,2,46
1170,1,46,2,46.5
3,2,0,3,0.5
85,2,1.5,3,2
128,2,2,3,2.5
133,2,3.5,3,4
174,2,4,3,4.5
179,2,5.5,3,6
224,2,6,3,6.5
229,2,7.5,3,8
272,2,8,3,8.5
277,2,9.5,3,10
321,2,10,3,10.5
326,2,11.5,3,12
367,2,12,3,12.5
372,2,13.5,3,14
416,2,14,3,14.5
421,2,15.5,3,16
464,2,16,3,16.5
469,2,17.5,3,18
513,2,18,3,18.5
518,2,19.5,3,20
559,2,20,3,20.5
564,2,21.5,3,22
609,2,22,3,22.5
614,2,23.5,3,24
657,2,24,3,24.5
662,2,25.5,3,26
707,2,26,3,26.5
712,2,27.5,3,28
753,2,28,3,28.5
758,2,29.5,3,30
803,2,30,3,30.5
808,2,31.5,3,32
851,2,32,3,32.5
856,2,33.5,3,34
901,2,34,3,34.5
906,2,35.5,3,36
947,2,36,3,36.5
952,2,37.5,3,38
997,2,38,3,38.5
1002,2,39.5,3,40
1045,2,40,3,40.5
1070,2,41.5,3,42
1075,2,42,3,42.5
1118,2,43.5,3,44
1123,2,44,3,44.5
1166,2,45.5,3,46
1171,2,46,3,46.5
4,3,0,4,0.5
86,3,1.5,4,2
127,3,2,4,2.5
134,3,3.5,4,4
173,3,4,4,4.5
180,3,5.5,4,6
223,3,6,4,6.5
230,3,7.5,4,8
271,3,8,4,8.5
278,3,9.5,4,10
320,3,10,4,10.5
327,3,11.5,4,12
366,3,12,4,12.5
373,3,13.5,4,14
415,3,14,4,14.5
422,3,15.5,4,16
463,3,16,4,16.5
470,3,17.5,4,18
512,3,18,4,18.5
519,3,19.5,4,20
558,3,20,4,20.5
565,3,21.5,4,22
608,3,22,4,22.5
615,3,23.5,4,24
656,3,24,4,24.5
663,3,25.5,4,26
706,3,26,4,26.5
713,3,27.5,4,28
752,3,28,4,28.5
759,3,29.5,4,30
802,3,30,4,30.5
809,3,31.5,4,32
850,3,32,4,32.5
857,3,33.5,4,34
900,3,34,4,34.5
907,3,35.5,4,36
946,3,36,4,36.5
953,3,37.5,4,38
996,3,38,4,38.5
1003,3,39.5,4,40
1044,3,40,4,40.5
1069,3,41.5,4,42
1076,3,42,4,42.5
1117,3,43.5,4,44
1124,3,44,4,44.5
1165,3,45.5,4,46
1172,3,46,4,46.5
5,4,0,5,0.5
87,4,1.5,5,2
126,4,2,5,2.5
9999,4,3.5,5,4
9999,4,4,5,4.5
181,4,5.5,5,6
222,4,6,5,6.5
231,4,7.5,5,8
270,4,8,5,8.5
279,4,9.5,5,10
319,4,10,5,10.5
328,4,11.5,5,12
365,4,12,5,12.5
374,4,13.5,5,14
414,4,14,5,14.5
423,4,15.5,5,16
462,4,16,5,16.5
471,4,17.5,5,18
511,4,18,5,18.5
9999,4,19.5,5,20
9999,4,20,5,20.5
566,4,21.5,5,22
607,4,22,5,22.5
616,4,23.5,5,24
655,4,24,5,24.5
664,4,25.5,5,26
705,4,26,5,26.5
714,4,27.5,5,28
751,4,28,5,28.5
760,4,29.5,5,30
801,4,30,5,30.5
810,4,31.5,5,32
849,4,32,5,32.5
858,4,33.5,5,34
899,4,34,5,34.5
9999,4,35.5,5,36
9999,4,36,5,36.5
954,4,37.5,5,38
995,4,38,5,38.5
1004,4,39.5,5,40
1043,4,40,5,40.5
1068,4,41.5,5,42
1077,4,42,5,42.5
1116,4,43.5,5,44
1125,4,44,5,44.5
1164,4,45.5,5,46
1173,4,46,5,46.5
6,6.5,0,7.5,0.5
88,6.5,1.5,7.5,2
125,6.5,2,7.5,2.5
135,6.5,3.5,7.5,4
172,6.5,4,7.5,4.5
182,6.5,5.5,7.5,6
221,6.5,6,7.5,6.5
232,6.5,7.5,7.5,8
269,6.5,8,7.5,8.5
280,6.5,9.5,7.5,10
318,6.5,10,7.5,10.5
9999,6.5,11.5,7.5,12
9999,6.5,12,7.5,12.5
375,6.5,13.5,7.5,14
413,6.5,14,7.5,14.5
424,6.5,15.5,7.5,16
461,6.5,16,7.5,16.5
472,6.5,17.5,7.5,18
510,6.5,18,7.5,18.5
520,6.5,19.5,7.5,20
557,6.5,20,7.5,20.5
567,6.5,21.5,7.5,22
606,6.5,22,7.5,22.5
617,6.5,23.5,7.5,24
654,6.5,24,7.5,24.5
665,6.5,25.5,7.5,26
704,6.5,26,7.5,26.5
9999,6.5,27.5,7.5,28
9999,6.5,28,7.5,28.5
761,6.5,29.5,7.5,30
800,6.5,30,7.5,30.5
811,6.5,31.5,7.5,32
848,6.5,32,7.5,32.5
859,6.5,33.5,7.5,34
898,6.5,34,7.5,34.5
908,6.5,35.5,7.5,36
945,6.5,36,7.5,36.5
955,6.5,37.5,7.5,38
994,6.5,38,7.5,38.5
1005,6.5,39.5,7.5,40
1042,6.5,40,7.5,40.5
1067,6.5,41.5,7.5,42
1078,6.5,42,7.5,42.5
9999,6.5,43.5,7.5,44
9999,6.5,44,7.5,44.5
1163,6.5,45.5,7.5,46
1174,6.5,46,7.5,46.5
7,7.5,0,8.5,0.5
89,7.5,1.5,8.5,2
124,7.5,2,8.5,2.5
136,7.5,3.5,8.5,4
171,7.5,4,8.5,4.5
183,7.5,5.5,8.5,6
220,7.5,6,8.5,6.5
233,7.5,7.5,8.5,8
268,7.5,8,8.5,8.5
281,7.5,9.5,8.5,10
317,7.5,10,8.5,10.5
329,7.5,11.5,8.5,12
364,7.5,12,8.5,12.5
376,7.5,13.5,8.5,14
412,7.5,14,8.5,14.5
425,7.5,15.5,8.5,16
460,7.5,16,8.5,16.5
473,7.5,17.5,8.5,18
509,7.5,18,8.5,18.5
521,7.5,19.5,8.5,20
556,7.5,20,8.5,20.5
568,7.5,21.5,8.5,22
605,7.5,22,8.5,22.5
618,7.5,23.5,8.5,24
653,7.5,24,8.5,24.5
666,7.5,25.5,8.5,26
703,7.5,26,8.5,26.5
715,7.5,27.5,8.5,28
750,7.5,28,8.5,28.5
762,7.5,29.5,8.5,30
799,7.5,30,8.5,30.5
812,7.5,31.5,8.5,32
847,7.5,32,8.5,32.5
860,7.5,33.5,8.5,34
897,7.5,34,8.5,34.5
909,7.5,35.5,8.5,36
944,7.5,36,8.5,36.5
956,7.5,37.5,8.5,38
993,7.5,38,8.5,38.5
1006,7.5,39.5,8.5,40
1041,7.5,40,8.5,40.5
1066,7.5,41.5,8.5,42
1079,7.5,42,8.5,42.5
1115,7.5,43.5,8.5,44
1126,7.5,44,8.5,44.5
1162,7.5,45.5,8.5,46
1175,7.5,46,8.5,46.5
8,8.5,0,9.5,0.5
90,8.5,1.5,9.5,2
123,8.5,2,9.5,2.5
137,8.5,3.5,9.5,4
170,8.5,4,9.5,4.5
184,8.5,5.5,9.5,6
219,8.5,6,9.5,6.5
234,8.5,7.5,9.5,8
267,8.5,8,9.5,8.5
282,8.5,9.5,9.5,10
316,8.5,10,9.5,10.5
330,8.5,11.5,9.5,12
363,8.5,12,9.5,12.5
377,8.5,13.5,9.5,14
411,8.5,14,9.5,14.5
426,8.5,15.5,9.5,16
459,8.5,16,9.5,16.5
474,8.5,17.5,9.5,18
508,8.5,18,9.5,18.5
522,8.5,19.5,9.5,20
555,8.5,20,9.5,20.5
569,8.5,21.5,9.5,22
604,8.5,22,9.5,22.5
619,8.5,23.5,9.5,24
652,8.5,24,9.5,24.5
667,8.5,25.5,9.5,26
702,8.5,26,9.5,26.5
716,8.5,27.5,9.5,28
749,8.5,28,9.5,28.5
763,8.5,29.5,9.5,30
798,8.5,30,9.5,30.5
813,8.5,31.5,9.5,32
846,8.5,32,9.5,32.5
861,8.5,33.5,9.5,34
896,8.5,34,9.5,34.5
910,8.5,35.5,9.5,36
943,8.5,36,9.5,36.5
957,8.5,37.5,9.5,38
992,8.5,38,9.5,38.5
1007,8.5,39.5,9.5,40
1040,8.5,40,9.5,40.5
1065,8.5,41.5,9.5,42
1080,8.5,42,9.5,42.5
1114,8.5,43.5,9.5,44
1127,8.5,44,9.5,44.5
1161,8.5,45.5,9.5,46
1176,8.5,46,9.5,46.5
9,9.5,0,10.5,0.5
91,9.5,1.5,10.5,2
122,9.5,2,10.5,2.5
138,9.5,3.5,10.5,4
169,9.5,4,10.5,4.5
185,9.5,5.5,10.5,6
218,9.5,6,10.5,6.5
235,9.5,7.5,10.5,8
266,9.5,8,10.5,8.5
283,9.5,9.5,10.5,10
315,9.5,10,10.5,10.5
331,9.5,11.5,10.5,12
362,9.5,12,10.5,12.5
378,9.5,13.5,10.5,14
410,9.5,14,10.5,14.5
427,9.5,15.5,10.5,16
458,9.5,16,10.5,16.5
475,9.5,17.5,10.5,18
507,9.5,18,10.5,18.5
523,9.5,19.5,10.5,20
554,9.5,20,10.5,20.5
570,9.5,21.5,10.5,22
603,9.5,22,10.5,22.5
620,9.5,23.5,10.5,24
651,9.5,24,10.5,24.5
668,9.5,25.5,10.5,26
701,9.5,26,10.5,26.5
717,9.5,27.5,10.5,28
748,9.5,28,10.5,28.5
764,9.5,29.5,10.5,30
797,9.5,30,10.5,30.5
814,9.5,31.5,10.5,32
845,9.5,32,10.5,32.5
862,9.5,33.5,10.5,34
895,9.5,34,10.5,34.5
911,9.5,35.5,10.5,36
942,9.5,36,10.5,36.5
958,9.5,37.5,10.5,38
991,9.5,38,10.5,38.5
1008,9.5,39.5,10.5,40
1039,9.5,40,10.5,40.5
1064,9.5,41.5,10.5,42
1081,9.5,42,10.5,42.5
1113,9.5,43.5,10.5,44
1128,9.5,44,10.5,44.5
1160,9.5,45.5,10.5,46
1177,9.5,46,10.5,46.5
10,10.5,0,11.5,0.5
92,10.5,1.5,11.5,2
121,10.5,2,11.5,2.5
139,10.5,3.5,11.5,4
168,10.5,4,11.5,4.5
186,10.5,5.5,11.5,6
217,10.5,6,11.5,6.5
236,10.5,7.5,11.5,8
265,10.5,8,11.5,8.5
284,10.5,9.5,11.5,10
314,10.5,10,11.5,10.5
332,10.5,11.5,11.5,12
361,10.5,12,11.5,12.5
379,10.5,13.5,11.5,14
409,10.5,14,11.5,14.5
428,10.5,15.5,11.5,16
457,10.5,16,11.5,16.5
476,10.5,17.5,11.5,18
506,10.5,18,11.5,18.5
524,10.5,19.5,11.5,20
553,10.5,20,11.5,20.5
571,10.5,21.5,11.5,22
602,10.5,22,11.5,22.5
621,10.5,23.5,11.5,24
650,10.5,24,11.5,24.5
669,10.5,25.5,11.5,26
700,10.5,26,11.5,26.5
718,10.5,27.5,11.5,28
747,10.5,28,11.5,28.5
765,10.5,29.5,11.5,30
796,10.5,30,11.5,30.5
815,10.5,31.5,11.5,32
844,10.5,32,11.5,32.5
863,10.5,33.5,11.5,34
894,10.5,34,11.5,34.5
912,10.5,35.5,11.5,36
941,10.5,36,11.5,36.5
959,10.5,37.5,11.5,38
990,10.5,38,11.5,38.5
1009,10.5,39.5,11.5,40
1038,10.5,40,11.5,40.5
1063,10.5,41.5,11.5,42
1082,10.5,42,11.5,42.5
1112,10.5,43.5,11.5,44
1129,10.5,44,11.5,44.5
1159,10.5,45.5,11.5,46
1178,10.5,46,11.5,46.5
11,13,0,14,0.5
93,13,1.5,14,2
120,13,2,14,2.5
140,13,3.5,14,4
167,13,4,14,4.5
187,13,5.5,14,6
216,13,6,14,6.5
237,13,7.5,14,8
264,13,8,14,8.5
285,13,9.5,14,10
313,13,10,14,10.5
333,13,11.5,14,12
360,13,12,14,12.5
380,13,13.5,14,14
408,13,14,14,14.5
429,13,15.5,14,16
456,13,16,14,16.5
477,13,17.5,14,18
505,13,18,14,18.5
525,13,19.5,14,20
552,13,20,14,20.5
572,13,21.5,14,22
601,13,22,14,22.5
622,13,23.5,14,24
649,13,24,14,24.5
670,13,25.5,14,26
699,13,26,14,26.5
719,13,27.5,14,28
746,13,28,14,28.5
766,13,29.5,14,30
795,13,30,14,30.5
816,13,31.5,14,32
843,13,32,14,32.5
864,13,33.5,14,34
893,13,34,14,34.5
913,13,35.5,14,36
940,13,36,14,36.5
960,13,37.5,14,38
989,13,38,14,38.5
1010,13,39.5,14,40
1037,13,40,14,40.5
1062,13,41.5,14,42
1083,13,42,14,42.5
1111,13,43.5,14,44
1130,13,44,14,44.5
1158,13,45.5,14,46
1179,13,46,14,46.5
12,14,0,15,0.5
94,14,1.5,15,2
119,14,2,15,2.5
141,14,3.5,15,4
166,14,4,15,4.5
188,14,5.5,15,6
215,14,6,15,6.5
238,14,7.5,15,8
263,14,8,15,8.5
285,14,9.5,15,10
312,14,10,15,10.5
334,14,11.5,15,12
359,14,12,15,12.5
381,14,13.5,15,14
407,14,14,15,14.5
430,14,15.5,15,16
455,14,16,15,16.5
478,14,17.5,15,18
504,14,18,15,18.5
526,14,19.5,15,20
551,14,20,15,20.5
573,14,21.5,15,22
600,14,22,15,22.5
623,14,23.5,15,24
648,14,24,15,24.5
671,14,25.5,15,26
698,14,26,15,26.5
720,14,27.5,15,28
745,14,28,15,28.5
767,14,29.5,15,30
794,14,30,15,30.5
817,14,31.5,15,32
842,14,32,15,32.5
865,14,33.5,15,34
892,14,34,15,34.5
914,14,35.5,15,36
939,14,36,15,36.5
961,14,37.5,15,38
988,14,38,15,38.5
1011,14,39.5,15,40
1036,14,40,15,40.5
1061,14,41.5,15,42
1084,14,42,15,42.5
1110,14,43.5,15,44
1131,14,44,15,44.5
1157,14,45.5,15,46
1180,14,46,15,46.5
13,15,0,16,0.5
95,15,1.5,16,2
118,15,2,16,2.5
142,15,3.5,16,4
165,15,4,16,4.5
189,15,5.5,16,6
214,15,6,16,6.5
239,15,7.5,16,8
262,15,8,16,8.5
286,15,9.5,16,10
311,15,10,16,10.5
335,15,11.5,16,12
358,15,12,16,12.5
382,15,13.5,16,14
406,15,14,16,14.5
431,15,15.5,16,16
454,15,16,16,16.5
479,15,17.5,16,18
503,15,18,16,18.5
527,15,19.5,16,20
550,15,20,16,20.5
574,15,21.5,16,22
599,15,22,16,22.5
624,15,23.5,16,24
647,15,24,16,24.5
672,15,25.5,16,26
697,15,26,16,26.5
721,15,27.5,16,28
744,15,28,16,28.5
768,15,29.5,16,30
793,15,30,16,30.5
818,15,31.5,16,32
841,15,32,16,32.5
866,15,33.5,16,34
891,15,34,16,34.5
915,15,35.5,16,36
938,15,36,16,36.5
962,15,37.5,16,38
987,15,38,16,38.5
1012,15,39.5,16,40
1035,15,40,16,40.5
1060,15,41.5,16,42
1085,15,42,16,42.5
1109,15,43.5,16,44
1132,15,44,16,44.5
1156,15,45.5,16,46
1181,15,46,16,46.5
14,16,0,17,0.5
96,16,1.5,17,2
117,16,2,17,2.5
143,16,3.5,17,4
164,16,4,17,4.5
190,16,5.5,17,6
213,16,6,17,6.5
240,16,7.5,17,8
261,16,8,17,8.5
287,16,9.5,17,10
310,16,10,17,10.5
336,16,11.5,17,12
357,16,12,17,12.5
383,16,13.5,17,14
405,16,14,17,14.5
432,16,15.5,17,16
453,16,16,17,16.5
480,16,17.5,17,18
502,16,18,17,18.5
528,16,19.5,17,20
549,16,20,17,20.5
575,16,21.5,17,22
598,16,22,17,22.5
625,16,23.5,17,24
646,16,24,17,24.5
673,16,25.5,17,26
696,16,26,17,26.5
722,16,27.5,17,28
743,16,28,17,28.5
769,16,29.5,17,30
792,16,30,17,30.5
819,16,31.5,17,32
840,16,32,17,32.5
867,16,33.5,17,34
890,16,34,17,34.5
916,16,35.5,17,36
937,16,36,17,36.5
963,16,37.5,17,38
986,16,38,17,38.5
1013,16,39.5,17,40
1034,16,40,17,40.5
1059,16,41.5,17,42
1086,16,42,17,42.5
1108,16,43.5,17,44
1133,16,44,17,44.5
1155,16,45.5,17,46
1182,16,46,17,46.5
15,17,0,18,0.5
97,17,1.5,18,2
97,17,2,18,2.5
144,17,3.5,18,4
144,17,4,18,4.5
191,17,5.5,18,6
191,17,6,18,6.5
9999,17,7.5,18,8
9999,17,8,18,8.5
288,17,9.5,18,10
288,17,10,18,10.5
337,17,11.5,18,12
337,17,12,18,12.5
384,17,13.5,18,14
384,17,14,18,14.5
433,17,15.5,18,16
433,17,16,18,16.5
481,17,17.5,18,18
481,17,18,18,18.5
529,17,19.5,18,20
529,17,20,18,20.5
576,17,21.5,18,22
576,17,22,18,22.5
9999,17,23.5,18,24
9999,17,24,18,24.5
674,17,25.5,18,26
674,17,26,18,26.5
723,17,27.5,18,28
723,17,28,18,28.5
770,17,29.5,18,30
770,17,30,18,30.5
820,17,31.5,18,32
820,17,32,18,32.5
868,17,33.5,18,34
868,17,34,18,34.5
917,17,35.5,18,36
917,17,36,18,36.5
964,17,37.5,18,38
964,17,38,18,38.5
9999,17,39.5,18,40
9999,17,40,18,40.5
1058,17,41.5,18,42
1058,17,42,18,42.5
1107,17,43.5,18,44
1107,17,44,18,44.5
1154,17,45.5,18,46
1154,17,46,18,46.5
16,20,0,21,0.5
9999,20,1.5,21,2
9999,20,2,21,2.5
145,20,3.5,21,4
162,20,4,21,4.5
192,20,5.5,21,6
211,20,6,21,6.5
241,20,7.5,21,8
260,20,8,21,8.5
289,20,9.5,21,10
308,20,10,21,10.5
338,20,11.5,21,12
355,20,12,21,12.5
385,20,13.5,21,14
403,20,14,21,14.5
9999,20,15.5,21,16
9999,20,16,21,16.5
482,20,17.5,21,18
501,20,18,21,18.5
530,20,19.5,21,20
547,20,20,21,20.5
577,20,21.5,21,22
596,20,22,21,22.5
626,20,23.5,21,24
645,20,24,21,24.5
675,20,25.5,21,26
694,20,26,21,26.5
724,20,27.5,21,28
741,20,28,21,28.5
771,20,29.5,21,30
790,20,30,21,30.5
9999,20,31.5,21,32
9999,20,32,21,32.5
869,20,33.5,21,34
888,20,34,21,34.5
918,20,35.5,21,36
935,20,36,21,36.5
965,20,37.5,21,38
984,20,38,21,38.5
1014,20,39.5,21,40
1033,20,40,21,40.5
1057,20,41.5,21,42
1088,20,42,21,42.5
1106,20,43.5,21,44
1135,20,44,21,44.5
1153,20,45.5,21,46
1184,20,46,21,46.5
9999,20,47.5,21,48
9999,20,48,21,48.5
1221,20,49.5,21,50
1222,20,50,21,50.5
1240,20,51.5,21,52
1241,20,52,21,52.5
1258,20,53.5,21,54
1258,20,54,21,54.5
17,21,0,22,0.5
98,21,1.5,22,2
115,21,2,22,2.5
146,21,3.5,22,4
161,21,4,22,4.5
193,21,5.5,22,6
210,21,6,22,6.5
242,21,7.5,22,8
259,21,8,22,8.5
290,21,9.5,22,10
307,21,10,22,10.5
339,21,11.5,22,12
354,21,12,22,12.5
386,21,13.5,22,14
402,21,14,22,14.5
434,21,15.5,22,16
451,21,16,22,16.5
483,21,17.5,22,18
500,21,18,22,18.5
531,21,19.5,22,20
546,21,20,22,20.5
578,21,21.5,22,22
595,21,22,22,22.5
627,21,23.5,22,24
644,21,24,22,24.5
676,21,25.5,22,26
693,21,26,22,26.5
725,21,27.5,22,28
740,21,28,22,28.5
772,21,29.5,22,30
789,21,30,22,30.5
821,21,31.5,22,32
838,21,32,22,32.5
870,21,33.5,22,34
887,21,34,22,34.5
919,21,35.5,22,36
934,21,36,22,36.5
966,21,37.5,22,38
983,21,38,22,38.5
1015,21,39.5,22,40
1032,21,40,22,40.5
1056,21,41.5,22,42
1089,21,42,22,42.5
1105,21,43.5,22,44
1136,21,44,22,44.5
1152,21,45.5,22,46
1185,21,46,22,46.5
1202,21,47.5,22,48
1203,21,48,22,48.5
1220,21,49.5,22,50
1223,21,50,22,50.5
1239,21,51.5,22,52
1242,21,52,22,52.5
1257,21,53.5,22,54
1259,21,54,22,54.5
18,22,0,23,0.5
99,22,1.5,23,2
114,22,2,23,2.5
147,22,3.5,23,4
160,22,4,23,4.5
194,22,5.5,23,6
209,22,6,23,6.5
243,22,7.5,23,8
258,22,8,23,8.5
291,22,9.5,23,10
306,22,10,23,10.5
340,22,11.5,23,12
353,22,12,23,12.5
387,22,13.5,23,14
401,22,14,23,14.5
435,22,15.5,23,16
450,22,16,23,16.5
484,22,17.5,23,18
499,22,18,23,18.5
532,22,19.5,23,20
545,22,20,23,20.5
579,22,21.5,23,22
594,22,22,23,22.5
628,22,23.5,23,24
643,22,24,23,24.5
677,22,25.5,23,26
692,22,26,23,26.5
726,22,27.5,23,28
739,22,28,23,28.5
773,22,29.5,23,30
788,22,30,23,30.5
822,22,31.5,23,32
837,22,32,23,32.5
871,22,33.5,23,34
886,22,34,23,34.5
920,22,35.5,23,36
933,22,36,23,36.5
967,22,37.5,23,38
982,22,38,23,38.5
1016,22,39.5,23,40
1031,22,40,23,40.5
1055,22,41.5,23,42
1090,22,42,23,42.5
1104,22,43.5,23,44
1137,22,44,23,44.5
1151,22,45.5,23,46
1186,22,46,23,46.5
1201,22,47.5,23,48
1204,22,48,23,48.5
1219,22,49.5,23,50
1224,22,50,23,50.5
1238,22,51.5,23,52
24143,22,52,23,52.5
1256,22,53.5,23,54
1260,22,54,23,54.5
19,23,0,24,0.5
100,23,1.5,24,2
113,23,2,24,2.5
148,23,3.5,24,4
159,23,4,24,4.5
195,23,5.5,24,6
208,23,6,24,6.5
244,23,7.5,24,8
257,23,8,24,8.5
292,23,9.5,24,10
305,23,10,24,10.5
341,23,11.5,24,12
352,23,12,24,12.5
388,23,13.5,24,14
401,23,14,24,14.5
436,23,15.5,24,16
449,23,16,24,16.5
485,23,17.5,24,18
498,23,18,24,18.5
533,23,19.5,24,20
544,23,20,24,20.5
580,23,21.5,24,22
593,23,22,24,22.5
629,23,23.5,24,24
642,23,24,24,24.5
678,23,25.5,24,26
691,23,26,24,26.5
727,23,27.5,24,28
738,23,28,24,28.5
774,23,29.5,24,30
787,23,30,24,30.5
823,23,31.5,24,32
836,23,32,24,32.5
872,23,33.5,24,34
885,23,34,24,34.5
921,23,35.5,24,36
932,23,36,24,36.5
968,23,37.5,24,38
981,23,38,24,38.5
1017,23,39.5,24,40
1030,23,40,24,40.5
1054,23,41.5,24,42
1091,23,42,24,42.5
1103,23,43.5,24,44
1138,23,44,24,44.5
1150,23,45.5,24,46
1187,23,46,24,46.5
1200,23,47.5,24,48
1205,23,48,24,48.5
1218,23,49.5,24,50
1225,23,50,24,50.5
1237,23,51.5,24,52
1244,23,52,24,52.5
1255,23,53.5,24,54
1261,23,54,24,54.5
20,24,0,25,0.5
101,24,1.5,25,2
112,24,2,25,2.5
149,24,3.5,25,4
158,24,4,25,4.5
196,24,5.5,25,6
207,24,6,25,6.5
245,24,7.5,25,8
256,24,8,25,8.5
293,24,9.5,25,10
304,24,10,25,10.5
342,24,11.5,25,12
351,24,12,25,12.5
389,24,13.5,25,14
400,24,14,25,14.5
437,24,15.5,25,16
448,24,16,25,16.5
486,24,17.5,25,18
497,24,18,25,18.5
534,24,19.5,25,20
543,24,20,25,20.5
581,24,21.5,25,22
592,24,22,25,22.5
630,24,23.5,25,24
641,24,24,25,24.5
679,24,25.5,25,26
690,24,26,25,26.5
728,24,27.5,25,28
737,24,28,25,28.5
775,24,29.5,25,30
786,24,30,25,30.5
824,24,31.5,25,32
835,24,32,25,32.5
873,24,33.5,25,34
884,24,34,25,34.5
922,24,35.5,25,36
931,24,36,25,36.5
969,24,37.5,25,38
980,24,38,25,38.5
1018,24,39.5,25,40
1029,24,40,25,40.5
1053,24,41.5,25,42
1092,24,42,25,42.5
1102,24,43.5,25,44
1139,24,44,25,44.5
1149,24,45.5,25,46
1188,24,46,25,46.5
1199,24,47.5,25,48
1206,24,48,25,48.5
1217,24,49.5,25,50
1226,24,50,25,50.5
1236,24,51.5,25,52
1245,24,52,25,52.5
1254,24,53.5,25,54
1262,24,54,25,54.5
21,26.5,0,27.5,0.5
102,26.5,1.5,27.5,2
111,26.5,2,27.5,2.5
9999,26.5,3.5,27.5,4
9999,26.5,4,27.5,4.5
197,26.5,5.5,27.5,6
206,26.5,6,27.5,6.5
246,26.5,7.5,27.5,8
255,26.5,8,27.5,8.5
294,26.5,9.5,27.5,10
303,26.5,10,27.5,10.5
9999,26.5,11.5,27.5,12
9999,26.5,12,27.5,12.5
390,26.5,13.5,27.5,14
399,26.5,14,27.5,14.5
438,26.5,15.5,27.5,16
447,26.5,16,27.5,16.5
487,26.5,17.5,27.5,18
496,26.5,18,27.5,18.5
9999,26.5,19.5,27.5,20
9999,26.5,20,27.5,20.5
582,26.5,21.5,27.5,22
591,26.5,22,27.5,22.5
631,26.5,23.5,27.5,24
640,26.5,24,27.5,24.5
680,26.5,25.5,27.5,26
689,26.5,26,27.5,26.5
9999,26.5,27.5,27.5,28
9999,26.5,28,27.5,28.5
776,26.5,29.5,27.5,30
785,26.5,30,27.5,30.5
825,26.5,31.5,27.5,32
834,26.5,32,27.5,32.5
874,26.5,33.5,27.5,34
883,26.5,34,27.5,34.5
9999,26.5,35.5,27.5,36
9999,26.5,36,27.5,36.5
970,26.5,37.5,27.5,38
979,26.5,38,27.5,38.5
1019,26.5,39.5,27.5,40
1028,26.5,40,27.5,40.5
1052,26.5,41.5,27.5,42
1093,26.5,42,27.5,42.5
9999,26.5,43.5,27.5,44
9999,26.5,44,27.5,44.5
1148,26.5,45.5,27.5,46
1189,26.5,46,27.5,46.5
1198,26.5,47.5,27.5,48
1207,26.5,48,27.5,48.5
1216,26.5,49.5,27.5,50
1227,26.5,50,27.5,50.5
9999,26.5,51.5,27.5,52
9999,26.5,52,27.5,52.5
1253,26.5,53.5,27.5,54
1263,26.5,54,27.5,54.5
22,27.5,0,28.5,0.5
103,27.5,1.5,28.5,2
110,27.5,2,28.5,2.5
150,27.5,3.5,28.5,4
157,27.5,4,28.5,4.5
198,27.5,5.5,28.5,6
205,27.5,6,28.5,6.5
247,27.5,7.5,28.5,8
254,27.5,8,28.5,8.5
295,27.5,9.5,28.5,10
302,27.5,10,28.5,10.5
343,27.5,11.5,28.5,12
350,27.5,12,28.5,12.5
391,27.5,13.5,28.5,14
398,27.5,14,28.5,14.5
439,27.5,15.5,28.5,16
446,27.5,16,28.5,16.5
488,27.5,17.5,28.5,18
495,27.5,18,28.5,18.5
535,27.5,19.5,28.5,20
542,27.5,20,28.5,20.5
583,27.5,21.5,28.5,22
590,27.5,22,28.5,22.5
632,27.5,23.5,28.5,24
639,27.5,24,28.5,24.5
681,27.5,25.5,28.5,26
688,27.5,26,28.5,26.5
729,27.5,27.5,28.5,28
736,27.5,28,28.5,28.5
777,27.5,29.5,28.5,30
784,27.5,30,28.5,30.5
826,27.5,31.5,28.5,32
833,27.5,32,28.5,32.5
875,27.5,33.5,28.5,34
882,27.5,34,28.5,34.5
923,27.5,35.5,28.5,36
930,27.5,36,28.5,36.5
971,27.5,37.5,28.5,38
978,27.5,38,28.5,38.5
1020,27.5,39.5,28.5,40
1027,27.5,40,28.5,40.5
1051,27.5,41.5,28.5,42
1094,27.5,42,28.5,42.5
1101,27.5,43.5,28.5,44
1140,27.5,44,28.5,44.5
1147,27.5,45.5,28.5,46
1190,27.5,46,28.5,46.5
1197,27.5,47.5,28.5,48
1208,27.5,48,28.5,48.5
1215,27.5,49.5,28.5,50
1228,27.5,50,28.5,50.5
1235,27.5,51.5,28.5,52
1246,27.5,52,28.5,52.5
1252,27.5,53.5,28.5,54
1264,27.5,54,28.5,54.5
23,28.5,0,29.5,0.5
104,28.5,1.5,29.5,2
109,28.5,2,29.5,2.5
151,28.5,3.5,29.5,4
156,28.5,4,29.5,4.5
199,28.5,5.5,29.5,6
204,28.5,6,29.5,6.5
248,28.5,7.5,29.5,8
253,28.5,8,29.5,8.5
296,28.5,9.5,29.5,10
301,28.5,10,29.5,10.5
344,28.5,11.5,29.5,12
349,28.5,12,29.5,12.5
392,28.5,13.5,29.5,14
397,28.5,14,29.5,14.5
440,28.5,15.5,29.5,16
445,28.5,16,29.5,16.5
489,28.5,17.5,29.5,18
494,28.5,18,29.5,18.5
536,28.5,19.5,29.5,20
541,28.5,20,29.5,20.5
584,28.5,21.5,29.5,22
589,28.5,22,29.5,22.5
633,28.5,23.5,29.5,24
638,28.5,24,29.5,24.5
682,28.5,25.5,29.5,26
687,28.5,26,29.5,26.5
730,28.5,27.5,29.5,28
735,28.5,28,29.5,28.5
778,28.5,29.5,29.5,30
783,28.5,30,29.5,30.5
827,28.5,31.5,29.5,32
832,28.5,32,29.5,32.5
876,28.5,33.5,29.5,34
881,28.5,34,29.5,34.5
924,28.5,35.5,29.5,36
929,28.5,36,29.5,36.5
972,28.5,37.5,29.5,38
977,28.5,38,29.5,38.5
1021,28.5,39.5,29.5,40
1026,28.5,40,29.5,40.5
1050,28.5,41.5,29.5,42
1095,28.5,42,29.5,42.5
1100,28.5,43.5,29.5,44
1141,28.5,44,29.5,44.5
1146,28.5,45.5,29.5,46
1191,28.5,46,29.5,46.5
1196,28.5,47.5,29.5,48
1209,28.5,48,29.5,48.5
1214,28.5,49.5,29.5,50
1229,28.5,50,29.5,50.5
1234,28.5,51.5,29.5,52
1246,28.5,52,29.5,52.5
1251,28.5,53.5,29.5,54
1265,28.5,54,29.5,54.5
24,29.5,0,30.5,0.5
105,29.5,1.5,30.5,2
108,29.5,2,30.5,2.5
152,29.5,3.5,30.5,4
155,29.5,4,30.5,4.5
200,29.5,5.5,30.5,6
203,29.5,6,30.5,6.5
249,29.5,7.5,30.5,8
252,29.5,8,30.5,8.5
297,29.5,9.5,30.5,10
300,29.5,10,30.5,10.5
345,29.5,11.5,30.5,12
348,29.5,12,30.5,12.5
393,29.5,13.5,30.5,14
396,29.5,14,30.5,14.5
441,29.5,15.5,30.5,16
444,29.5,16,30.5,16.5
490,29.5,17.5,30.5,18
493,29.5,18,30.5,18.5
537,29.5,19.5,30.5,20
540,29.5,20,30.5,20.5
585,29.5,21.5,30.5,22
588,29.5,22,30.5,22.5
634,29.5,23.5,30.5,24
637,29.5,24,30.5,24.5
683,29.5,25.5,30.5,26
686,29.5,26,30.5,26.5
731,29.5,27.5,30.5,28
734,29.5,28,30.5,28.5
779,29.5,29.5,30.5,30
782,29.5,30,30.5,30.5
828,29.5,31.5,30.5,32
831,29.5,32,30.5,32.5
877,29.5,33.5,30.5,34
880,29.5,34,30.5,34.5
925,29.5,35.5,30.5,36
928,29.5,36,30.5,36.5
973,29.5,37.5,30.5,38
976,29.5,38,30.5,38.5
1022,29.5,39.5,30.5,40
1025,29.5,40,30.5,40.5
1049,29.5,41.5,30.5,42
1096,29.5,42,30.5,42.5
1099,29.5,43.5,30.5,44
1142,29.5,44,30.5,44.5
1145,29.5,45.5,30.5,46
1192,29.5,46,30.5,46.5
1195,29.5,47.5,30.5,48
1210,29.5,48,30.5,48.5
1213,29.5,49.5,30.5,50
1230,29.5,50,30.5,50.5
1233,29.5,51.5,30.5,52
1247,29.5,52,30.5,52.5
1250,29.5,53.5,30.5,54
1266,29.5,54,30.5,54.5
25,30.5,0,31.5,0.5
106,30.5,1.5,31.5,2
107,30.5,2,31.5,2.5
153,30.5,3.5,31.5,4
154,30.5,4,31.5,4.5
201,30.5,5.5,31.5,6
202,30.5,6,31.5,6.5
250,30.5,7.5,31.5,8
251,30.5,8,31.5,8.5
298,30.5,9.5,31.5,10
299,30.5,10,31.5,10.5
346,30.5,11.5,31.5,12
347,30.5,12,31.5,12.5
394,30.5,13.5,31.5,14
395,30.5,14,31.5,14.5
442,30.5,15.5,31.5,16
443,30.5,16,31.5,16.5
491,30.5,17.5,31.5,18
492,30.5,18,31.5,18.5
538,30.5,19.5,31.5,20
539,30.5,20,31.5,20.5
586,30.5,21.5,31.5,22
587,30.5,22,31.5,22.5
635,30.5,23.5,31.5,24
636,30.5,24,31.5,24.5
684,30.5,25.5,31.5,26
685,30.5,26,31.5,26.5
732,30.5,27.5,31.5,28
733,30.5,28,31.5,28.5
780,30.5,29.5,31.5,30
781,30.5,30,31.5,30.5
829,30.5,31.5,31.5,32
830,30.5,32,31.5,32.5
878,30.5,33.5,31.5,34
879,30.5,34,31.5,34.5
926,30.5,35.5,31.5,36
927,30.5,36,31.5,36.5
974,30.5,37.5,31.5,38
975,30.5,38,31.5,38.5
1023,30.5,39.5,31.5,40
1024,30.5,40,31.5,40.5
1048,30.5,41.5,31.5,42
1097,30.5,42,31.5,42.5
1098,30.5,43.5,31.5,44
1143,30.5,44,31.5,44.5
1144,30.5,45.5,31.5,46
1193,30.5,46,31.5,46.5
1194,30.5,47.5,31.5,48
1211,30.5,48,31.5,48.5
1212,30.5,49.5,31.5,50
1231,30.5,50,31.5,50.5
1232,30.5,51.5,31.5,52
1248,30.5,52,31.5,52.5
1249,30.5,53.5,31.5,54
1267,30.5,54,31.5,54.5
27,33.5,0.5,34,1.5
28,33.5,1.5,34,2.5
29,33.5,2.5,34,3.5
30,33.5,3.5,34,4.5
31,33.5,4.5,34,5.5
32,33.5,5.5,34,6.5
33,33.5,6.5,34,7.5
34,33.5,7.5,34,8.5
35,33.5,8.5,34,9.5
36,33.5,9.5,34,10.5
37,33.5,10.5,34,11.5
38,33.5,11.5,34,12.5
39,33.5,12.5,34,13.5
40,33.5,13.5,34,14.5
41,33.5,14.5,34,15.5
42,33.5,15.5,34,16.5
43,33.5,16.5,34,17.5
44,33.5,17.5,34,18.5
45,33.5,18.5,34,19.5
46,33.5,19.5,34,20.5
47,33.5,20.5,34,21.5
48,33.5,21.5,34,22.5
49,33.5,22.5,34,23.5
50,33.5,23.5,34,24.5
51,33.5,24.5,34,25.5
52,33.5,25.5,34,26.5
53,33.5,26.5,34,27.5
54,33.5,27.5,34,28.5
55,33.5,28.5,34,29.5
56,33.5,29.5,34,30.5
57,33.5,30.5,34,31.5
58,33.5,31.5,34,32.5
59,33.5,32.5,34,33.5
60,33.5,33.5,34,34.5
61,33.5,34.5,34,35.5
62,33.5,35.5,34,36.5
63,33.5,36.5,34,37.5
64,33.5,37.5,34,38.5
65,33.5,38.5,34,39.5
66,33.5,39.5,34,40.5
67,33.5,40.5,34,41.5
68,33.5,41.5,34,42.5
69,33.5,42.5,34,43.5
70,33.5,43.5,34,44.5
71,33.5,44.5,34,45.5
72,33.5,45.5,34,46.5
73,33.5,46.5,34,47.5
74,33.5,47.5,34,48.5
75,33.5,48.5,34,49.5
76,33.5,49.5,34,50.5
77,33.5,50.5,34,51.5
78,33.5,51.5,34,52.5
79,33.5,52.5,34,53.5
80,33.5,53.5,34,54.5
81,33.5,54.5,34,55.5
82,33.5,55.5,34,56.5
1272,26.5,56,27.5,56.5
1271,27.5,56,28.5,56.5
1270,28.5,56,29.5,56.5
1269,29.5,56,30.5,56.5
1268,30.5,56,31.5,56.5
1278,20,56,21,56.5
1277,21,56,22,56.5
1276,22,56,23,56.5
1275,23,56,24,56.5
1274,24,56,25,56.5